data,codice_regione,denominazione_regione,ricoverati_con_sintomi,terapia_intensiva,totale_ospedalizzati,isolamento_domiciliare,totale_positivi,variazione_totale_positivi,nuovi_positivi,dimessi_guariti,deceduti,casi_da_sospetto_diagnostico,casi_da_screening,totale_casi,tamponi,casi_testati,ingressi_terapia_intensiva,note_test,note_casi,popolazione,totale_posti_terapia_intensiva,variazione_ricoverati_con_sintomi,variazione_terapia_intensiva,variazione_totale_ospedalizzati,posti_disponibili_terapia_intensiva,saturazione_terapia_intensiva,variazione_isolamento_domiciliare,variazione_nuovi_positivi,nuovi_tamponi,nuovi_casi_testati,nuovi_deceduti,nuovi_dimessi_guariti,np_su_nt,np_su_p,tc_su_p
2021-01-01T17:00:00,5,Veneto,2657,372,3029,89553,92582,1509,4805,159469,6629,,,258680,3322582,1220624.0,21.0,,,4907704,1016,-41,11,-30,644,36.61,1539,5,21595,6181.0,90,3206,22.25,0.09791,5.27
2021-01-01T17:00:00,3,Lombardia,3352,487,3839,51473,55312,689,3056,401444,25203,,,481959,4885034,2617001.0,13.0,,,10103969,1036,-85,-2,-87,549,47.01,776,-803,25467,8716.0,80,2287,12.0,0.03025,4.77
2021-01-01T17:00:00,8,Emilia-Romagna,2643,231,2874,53913,56787,-559,2629,109546,7808,,,174141,2583512,1232042.0,11.0,,,4467118,634,14,-2,12,403,36.44,-571,513,11372,4486.0,70,3118,23.12,0.05885,3.9
2021-01-01T17:00:00,12,Lazio,2752,305,3057,73304,76361,1188,1913,84811,3792,,,164964,2721083,2052446.0,13.0,,,5865544,847,-37,2,-35,542,36.01,1223,146,14480,6997.0,23,702,13.21,0.03261,2.81
2021-01-01T17:00:00,15,Campania,1359,104,1463,76865,78328,1073,1734,110215,2864,,,191407,2055822,1375469.0,19.0,,,5785861,505,34,-9,25,401,20.59,1048,180,20458,16371.0,20,641,8.48,0.02997,3.31
2021-01-01T17:00:00,16,Puglia,1476,137,1613,52300,53913,911,1395,35965,2481,,,92359,1051359,655493.0,13.0,,,4008296,369,-14,8,-6,232,37.13,917,-266,7045,1586.0,9,475,19.8,0.0348,2.3
2021-01-01T17:00:00,19,Sicilia,1073,176,1249,33098,34347,479,1122,57979,2440,,,94766,1226629,817045.0,11.0,,,4968410,588,4,5,9,412,29.93,470,-177,7497,4500.0,28,615,14.97,0.02258,1.91
2021-01-01T17:00:00,1,Piemonte,2784,184,2968,23561,26529,-1728,1058,164397,7960,,,198886,1688316,987563.0,5.0,,,4341375,575,-111,-6,-117,391,32.0,-1611,-309,5787,2754.0,38,2748,18.28,0.02437,4.58
2021-01-01T17:00:00,6,Friuli Venezia Giulia,647,63,710,11043,11753,-45,715,37320,1669,,,50742,940153,342937.0,11.0,,,1211357,180,2,1,3,117,35.0,-48,-162,7071,1798.0,27,733,10.11,0.05902,4.19
2021-01-01T17:00:00,11,Marche,479,61,540,11199,11739,561,693,28997,1581,,,42317,537533,318488.0,6.0,,,1518400,143,9,-1,8,82,42.66,553,-10,5036,3169.0,10,122,13.76,0.04564,2.79
2021-01-01T17:00:00,9,Toscana,810,143,953,8883,9836,158,589,107381,3700,,,120917,1893356,1064848.0,5.0,"Positivi diagnosticati solo con test antigenico rapido: in questo momento non è procedura adottatata da Regione Toscana, pertanto il valore è pari a zero",,3722729,523,-28,-7,-35,380,27.34,193,-43,9763,3344.0,27,404,6.03,0.01582,3.25
2021-01-01T17:00:00,4,Trentino-Alto Adige,521,66,587,12105,12692,161,463,37411,1694,0.0,0.0,51797,817030,315114.0,1.0,0,,1074819,106,-18,-2,-20,40,62.26,181,-117,4978,960.0,13,289,9.3,0.04308,4.82
2021-01-01T17:00:00,7,Liguria,664,63,727,4870,5597,-23,412,52386,2898,,,60881,714541,324246.0,4.0,I 162362 test antigenici rapidi sono riferiti a partire dal 02/11/2020;  in Regione Liguria la positività al test antigenico rapido è seguita da conferma con test molecolare.,,1543127,209,-30,-2,-32,146,30.14,9,-60,3505,989.0,7,428,11.75,0.0267,3.95
2021-01-01T17:00:00,13,Abruzzo,435,38,473,10900,11373,300,410,23132,1218,,,35723,519874,270995.0,3.0,,,1305770,148,5,3,8,110,25.68,292,-46,3452,1003.0,5,104,11.88,0.0314,2.74
2021-01-01T17:00:00,20,Sardegna,479,42,521,16158,16679,226,365,14048,751,,,31478,485824,407806.0,1.0,,Si Segnalano i decessi di:   - 1 uomo 83 aa Residente nella Città Metropolitana di Cagliari  - 1 uomo 72 aa Residente nella Provincia del Sud Sardegna  - 1 donna 98 aa Residente nella Città Metropolitana di Cagliari  - 1 uomo 88 aa Residente nella Città Metropolitana di Cagliari ,1630474,180,-7,-4,-11,138,23.33,237,-3,3304,2867.0,4,135,11.05,0.02239,1.93
2021-01-01T17:00:00,18,Calabria,233,18,251,8612,8863,46,345,14923,479,,,24265,442569,423838.0,3.0,,,1924701,239,-10,0,-10,221,7.53,56,-57,1903,1782.0,7,292,18.13,0.01792,1.26
2021-01-01T17:00:00,10,Umbria,254,46,300,3504,3804,27,228,24759,625,,,29188,506256,253369.0,3.0,,,880285,117,-5,2,-3,71,39.32,30,-72,2615,974.0,1,200,8.72,0.0259,3.32
2021-01-01T17:00:00,17,Basilicata,83,5,88,6053,6141,90,156,4585,256,,,10982,185256,118358.0,1.0,,,556934,73,-6,1,-5,68,6.85,95,9,965,493.0,0,66,16.17,0.02801,1.97
2021-01-01T17:00:00,14,Molise,46,11,57,1666,1723,-189,106,4719,192,,,6634,116571,106724.0,1.0,,,302265,34,-5,1,-4,23,32.35,-185,18,1087,902.0,1,294,9.75,0.03507,2.19
2021-01-01T17:00:00,2,Valle d'Aosta,75,1,76,332,408,-3,17,6501,381,,,7290,62831,37570.0,0.0,,,125501,20,0,-1,-1,19,5.0,-2,-12,144,138.0,2,18,11.81,0.01355,5.81
