data,codice_regione,denominazione_regione,ricoverati_con_sintomi,terapia_intensiva,totale_ospedalizzati,isolamento_domiciliare,totale_positivi,variazione_totale_positivi,nuovi_positivi,dimessi_guariti,deceduti,casi_da_sospetto_diagnostico,casi_da_screening,totale_casi,tamponi,casi_testati,ingressi_terapia_intensiva,totale_positivi_test_molecolare,totale_positivi_test_antigenico_rapido,tamponi_test_molecolare,tamponi_test_antigenico_rapido,popolazione,totale_posti_terapia_intensiva,variazione_ricoverati_con_sintomi,variazione_terapia_intensiva,variazione_totale_ospedalizzati,posti_disponibili_terapia_intensiva,saturazione_terapia_intensiva,variazione_isolamento_domiciliare,variazione_nuovi_positivi,nuovi_tamponi,nuovi_casi_testati,nuovi_deceduti,nuovi_dimessi_guariti,np_su_nt,np_su_p,tc_su_p
2021-01-18T17:00:00,19,Sicilia,1444,205,1649,45236,46885,460,1278,72095,3027,,,122007,1477389,911144.0,19.0,122007.0,0.0,1382325.0,95064.0,4968410,588,22,-3,19,383,34.86,441,-161,39776,5024.0,38,780,3.21,0.02572,2.46
2021-01-18T17:00:00,3,Lombardia,3553,449,4002,49562,53564,-2578,1189,435509,26282,,,515355,5248516,2734701.0,8.0,515233.0,122.0,5226157.0,22359.0,10103969,1036,-57,-3,-60,587,43.34,-2518,-414,16338,5209.0,45,3722,7.28,0.01177,5.1
2021-01-18T17:00:00,8,Emilia-Romagna,2564,238,2802,51428,54230,-601,1153,140114,8797,,,203141,2820331,1301697.0,16.0,203141.0,0.0,2804121.0,16210.0,4467118,634,35,4,39,396,37.54,-640,-284,9980,2592.0,51,1703,11.55,0.02581,4.55
2021-01-18T17:00:00,5,Veneto,2233,336,2569,66514,69083,-1557,998,222062,8025,,,299170,3663538,1285644.0,10.0,299170.0,0.0,3584181.0,79357.0,4907704,1016,-60,-2,-62,680,33.07,-1495,-371,19795,1824.0,47,2508,5.04,0.02034,6.1
2021-01-18T17:00:00,12,Lazio,2885,315,3200,74145,77345,-165,872,108755,4415,,,190515,2977732,2172390.0,20.0,190329.0,186.0,2926774.0,50958.0,5865544,847,119,19,138,532,37.19,-303,-371,15204,7139.0,16,1021,5.74,0.01487,3.25
2021-01-18T17:00:00,15,Campania,1448,94,1542,71120,72662,-449,714,131806,3395,,,207863,2245559,1498475.0,9.0,207707.0,156.0,2242954.0,2605.0,5785861,505,-12,0,-12,411,18.61,-437,-307,7758,4572.0,25,1138,9.2,0.01234,3.59
2021-01-18T17:00:00,1,Piemonte,2470,166,2636,12153,14789,-211,435,189987,8419,,,213195,1829660,1036864.0,7.0,212846.0,349.0,1791878.0,37782.0,4341375,575,10,2,12,409,28.87,-223,-60,10817,2370.0,19,627,4.02,0.01002,4.91
2021-01-18T17:00:00,16,Puglia,1398,143,1541,53971,55512,-608,403,51443,2876,,,109831,1184798,713076.0,11.0,109739.0,92.0,1180706.0,4092.0,4008296,369,-5,1,-4,226,38.75,-604,-505,3065,2059.0,26,985,13.15,0.01005,2.74
2021-01-18T17:00:00,9,Toscana,720,125,845,7488,8333,129,345,115870,3994,,,128197,2046397,1118704.0,9.0,128185.0,12.0,2031060.0,15337.0,3722729,523,22,7,29,398,23.9,100,-61,6894,2651.0,22,194,5.0,0.00927,3.44
2021-01-18T17:00:00,7,Liguria,654,64,718,4331,5049,83,263,57849,3128,,,66026,777459,345256.0,4.0,66026.0,0.0,770663.0,6796.0,1543127,209,-3,2,-1,145,30.62,84,35,2806,1097.0,12,168,9.37,0.01704,4.28
2021-01-18T17:00:00,18,Calabria,312,24,336,9878,10214,-19,256,18576,539,,,29329,483031,460266.0,0.0,29328.0,1.0,482892.0,139.0,1924701,239,22,-1,21,215,10.04,-40,-95,1564,1533.0,4,271,16.37,0.0133,1.52
2021-01-18T17:00:00,4,Trentino-Alto Adige,501,76,577,13899,14476,-53,221,42450,1887,0.0,0.0,58813,894340,328899.0,6.0,57774.0,1039.0,878943.0,15397.0,1074819,106,14,3,17,30,71.7,-70,-222,2733,605.0,16,258,8.09,0.02056,5.47
2021-01-18T17:00:00,11,Marche,591,85,676,9575,10251,-291,157,38223,1794,,,50268,621742,371928.0,2.0,50268.0,0.0,618490.0,3252.0,1518400,143,1,2,3,58,59.44,-294,-283,3324,1454.0,11,437,4.72,0.01034,3.31
2021-01-18T17:00:00,6,Friuli Venezia Giulia,680,63,743,11942,12685,-53,153,46121,2113,,,60919,1038677,371716.0,3.0,60394.0,525.0,1032465.0,6212.0,1211357,180,3,0,3,117,35.0,-56,-232,1993,876.0,21,185,7.68,0.01263,5.03
2021-01-18T17:00:00,20,Sardegna,506,51,557,17059,17616,-132,136,17387,907,,,35910,530803,443327.0,3.0,35910.0,0.0,529323.0,1480.0,1630474,180,-1,3,2,129,28.33,-134,-66,3239,1354.0,4,264,4.2,0.00834,2.2
2021-01-18T17:00:00,13,Abruzzo,454,43,497,10885,11382,-170,107,26707,1333,,,39422,578709,294728.0,7.0,39422.0,0.0,571513.0,7196.0,1305770,148,11,5,16,105,29.05,-186,-178,12028,7904.0,8,269,0.89,0.00819,3.02
2021-01-18T17:00:00,10,Umbria,284,49,333,4247,4580,-26,94,27116,701,,,32397,551381,267595.0,4.0,32397.0,0.0,549289.0,2092.0,880285,117,4,0,4,68,41.88,-30,-59,651,218.0,8,112,14.44,0.01068,3.68
2021-01-18T17:00:00,14,Molise,60,10,70,1015,1085,-59,33,6268,233,,,7586,127577,115984.0,2.0,7586.0,0.0,127390.0,187.0,302265,34,1,1,2,24,29.41,-61,-37,375,299.0,2,90,8.8,0.01092,2.51
2021-01-18T17:00:00,2,Valle d'Aosta,45,2,47,368,415,0,11,6840,395,,,7650,66690,40452.0,0.0,7650.0,0.0,66538.0,152.0,125501,20,4,-1,3,18,10.0,-3,-7,146,69.0,1,10,7.53,0.00876,6.1
2021-01-18T17:00:00,17,Basilicata,82,6,88,6815,6903,-15,7,5311,294,,,12508,201037,125063.0,2.0,12508.0,0.0,199894.0,1143.0,556934,73,-3,2,-1,67,8.22,-14,-42,188,33.0,1,21,3.72,0.00126,2.25
