data,codice_regione,denominazione_regione,ricoverati_con_sintomi,terapia_intensiva,totale_ospedalizzati,isolamento_domiciliare,totale_positivi,variazione_totale_positivi,nuovi_positivi,dimessi_guariti,deceduti,casi_da_sospetto_diagnostico,casi_da_screening,totale_casi,tamponi,casi_testati,ingressi_terapia_intensiva,note_test,note_casi,popolazione,totale_posti_terapia_intensiva,variazione_ricoverati_con_sintomi,variazione_terapia_intensiva,variazione_totale_ospedalizzati,posti_disponibili_terapia_intensiva,saturazione_terapia_intensiva,variazione_isolamento_domiciliare,variazione_nuovi_positivi,nuovi_tamponi,nuovi_casi_testati,nuovi_deceduti,nuovi_dimessi_guariti,np_su_nt,np_su_p,tc_su_p
2021-01-05T17:00:00,5,Veneto,2694,361,3055,91173,94228,-728,3151,168881,6988,,,270097,3374382,1235218.0,32.0,,,4907704,1016,-12,-7,-19,655,35.53,-709,1469,17734,4339.0,175,3704,17.77,0.06421,5.5
2021-01-05T17:00:00,12,Lazio,2869,308,3177,74131,77308,231,1719,89730,3935,,,170973,2765552,2073377.0,14.0,,,5865544,847,17,-10,7,539,36.36,224,385,13132,6789.0,72,1416,13.09,0.02931,2.91
2021-01-05T17:00:00,19,Sicilia,1198,190,1388,36038,37426,848,1576,59524,2564,,,99514,1255175,835040.0,17.0,,,4968410,588,17,4,21,398,32.31,827,185,9537,6290.0,36,692,16.53,0.03172,2.0
2021-01-05T17:00:00,8,Emilia-Romagna,2696,232,2928,54249,57177,792,1506,115907,8005,,,181089,2628108,1246273.0,18.0,,,4467118,634,12,-3,9,402,36.59,783,-94,15795,3513.0,64,647,9.53,0.03371,4.05
2021-01-05T17:00:00,3,Lombardia,3344,475,3819,48498,52317,-370,1338,409548,25406,,,487271,4930952,2634038.0,37.0,,,10103969,1036,117,-9,108,561,45.85,-478,475,12790,4611.0,62,1646,10.46,0.01324,4.82
2021-01-05T17:00:00,1,Piemonte,2847,187,3034,16608,19642,-871,1109,173930,8043,,,201615,1704739,994333.0,15.0,,,4341375,575,28,4,32,388,32.52,-903,663,6951,2788.0,55,1925,15.95,0.02554,4.64
2021-01-05T17:00:00,16,Puglia,1401,152,1553,52027,53580,41,1081,39235,2550,,,95365,1075382,666941.0,23.0,,,4008296,369,-63,15,-48,217,41.19,89,450,10273,4540.0,14,1026,10.52,0.02697,2.38
2021-01-05T17:00:00,15,Campania,1372,97,1469,74891,76360,-1137,688,114518,2975,,,193853,2079610,1389809.0,10.0,,,5785861,505,-5,1,-4,408,19.21,-1133,-59,7425,4193.0,33,1792,9.27,0.01189,3.35
2021-01-05T17:00:00,6,Friuli Venezia Giulia,657,59,716,11078,11794,101,688,38704,1772,,,52270,954564,346775.0,3.0,,,1211357,180,-6,-4,-10,121,32.78,111,407,7105,1680.0,41,546,9.68,0.0568,4.31
2021-01-05T17:00:00,11,Marche,495,65,560,12146,12706,389,458,29447,1634,,,43787,550075,326877.0,3.0,,,1518400,143,8,0,8,78,45.45,381,103,4838,3248.0,19,50,9.47,0.03016,2.88
2021-01-05T17:00:00,7,Liguria,708,73,781,4791,5572,-176,404,53412,2929,,,61913,724539,327367.0,2.0,I 168529 test antigenici rapidi sono riferiti a partire dal 02/11/2020;  in Regione Liguria la positività al test antigenico rapido è seguita da conferma con test molecolare.,,1543127,209,-8,-2,-10,136,34.93,-166,200,4586,1364.0,12,568,8.81,0.02618,4.01
2021-01-05T17:00:00,4,Trentino-Alto Adige,574,72,646,12343,12989,100,376,38100,1742,0.0,0.0,52831,826239,317354.0,7.0,0,,1074819,106,-2,4,2,34,67.92,98,146,3200,664.0,10,266,11.75,0.03498,4.92
2021-01-05T17:00:00,9,Toscana,860,139,999,8638,9637,-342,337,109021,3762,,,122420,1917959,1073738.0,8.0,"Positivi diagnosticati solo con test antigenico rapido: in questo momento non è procedura adottatata da Regione Toscana, pertanto il valore è pari a zero",,3722729,523,-17,-2,-19,384,26.58,-323,24,7923,2584.0,18,661,4.25,0.00905,3.29
2021-01-05T17:00:00,10,Umbria,275,43,318,3615,3933,55,234,25155,640,,,29728,513892,255640.0,4.0,,,880285,117,1,-1,0,74,36.75,55,180,4249,1120.0,4,175,5.51,0.02658,3.38
2021-01-05T17:00:00,20,Sardegna,488,45,533,16237,16770,44,232,14723,777,,,32270,493754,414250.0,5.0,,Si segnala il decesso dei pz.:  - 1 uomo 59 aa residente nella città metropolitana di Cagliari;  - 1 donna 90 aa residente nella Provincia di Oristano;  - 1 donna 89 aa residente nella città metropolitana di Cagliari;  - 1 uomo 89 aa residente nella città metropolitana di Cagliari;  - 1 donna 79 aa residente nella provincia del Sud Sardegna;  - 1 uomo 81 aa residente nella provincia del Sud Sardegna;  - 1 uomo 55 aa residente nella provincia del Sud Sardegna;  - 1 uomo 89 aa residente nella provincia di Sassari;  - 1 decesso nella Provincia del Sud Sardegna ,1630474,180,-1,2,1,135,25.0,43,55,3014,2433.0,9,179,7.7,0.01423,1.98
2021-01-05T17:00:00,13,Abruzzo,471,39,510,10584,11094,-111,213,23941,1252,,,36287,525626,273182.0,2.0,,,1305770,148,5,0,5,109,26.35,-116,92,2393,837.0,12,312,8.9,0.01631,2.78
2021-01-05T17:00:00,18,Calabria,242,19,261,8237,8498,-65,177,15992,498,,,24988,449285,429907.0,2.0,,,1924701,239,-6,0,-6,220,7.95,-59,-44,2553,2351.0,7,235,6.93,0.0092,1.3
2021-01-05T17:00:00,17,Basilicata,93,4,97,6073,6170,20,56,4761,268,,,11199,187668,119357.0,0.0,,IN CORSO DI VERIFICA E VALIDAZIONE NUMERO TOTALE GUARITI REGIONE BASILICATA.,556934,73,-1,0,-1,69,5.48,21,15,928,391.0,1,35,6.03,0.01006,2.01
2021-01-05T17:00:00,2,Valle d'Aosta,54,1,55,353,408,-2,21,6585,387,,,7380,63793,39235.0,0.0,,,125501,20,-9,0,-9,19,5.0,7,-6,262,435.0,0,23,8.02,0.01673,5.88
2021-01-05T17:00:00,14,Molise,57,8,65,1487,1552,-116,14,5015,202,,,6769,118084,107955.0,0.0,,,302265,34,3,-2,1,26,23.53,-117,-68,418,342.0,5,125,3.35,0.00463,2.24
