data,codice_regione,denominazione_regione,ricoverati_con_sintomi,terapia_intensiva,totale_ospedalizzati,isolamento_domiciliare,totale_positivi,variazione_totale_positivi,nuovi_positivi,dimessi_guariti,deceduti,casi_da_sospetto_diagnostico,casi_da_screening,totale_casi,tamponi,casi_testati,ingressi_terapia_intensiva,totale_positivi_test_molecolare,totale_positivi_test_antigenico_rapido,tamponi_test_molecolare,tamponi_test_antigenico_rapido,popolazione,totale_posti_terapia_intensiva,variazione_ricoverati_con_sintomi,variazione_terapia_intensiva,variazione_totale_ospedalizzati,posti_disponibili_terapia_intensiva,saturazione_terapia_intensiva,variazione_isolamento_domiciliare,variazione_nuovi_positivi,nuovi_tamponi,nuovi_casi_testati,nuovi_deceduti,nuovi_dimessi_guariti,np_su_nt,np_su_p,tc_su_p
2021-02-03T17:00:00,3,Lombardia,3554,359,3913,43432,47345,786,1738,467193,27259,,,541797,5743914,2856882.0,20.0,540016.0,1781.0,5586597.0,157317.0,10103969,1036,10,-2,8,677,34.65,778,826,38651,9649.0,46,906,4.5,0.0172,5.36
2021-02-03T17:00:00,15,Campania,1475,100,1575,60542,62117,258,1539,159700,3820,,,225637,2471140,1632795.0,13.0,224010.0,1627.0,2439252.0,31888.0,5785861,505,-5,-3,-8,405,19.8,266,620,19429,11245.0,17,1264,7.92,0.0266,3.9
2021-02-03T17:00:00,12,Lazio,2350,279,2629,57140,59769,-1004,1164,143279,5123,,,208171,3405739,2420258.0,21.0,206978.0,1193.0,3111030.0,294709.0,5865544,847,14,-10,4,568,32.94,-1008,322,27558,18120.0,49,2119,4.22,0.01984,3.55
2021-02-03T17:00:00,8,Emilia-Romagna,2122,194,2316,42086,44402,-910,1047,167556,9657,,,221615,3166204,1369671.0,8.0,221556.0,59.0,3024793.0,141411.0,4467118,634,-54,-4,-58,440,30.6,-852,168,23806,4326.0,76,1874,4.4,0.02344,4.96
2021-02-03T17:00:00,16,Puglia,1429,155,1584,50131,51715,13,1044,70194,3300,,,125209,1336292,771982.0,4.0,124781.0,428.0,1312440.0,23852.0,4008296,369,-3,-15,-18,214,42.01,31,165,10793,4273.0,46,985,9.67,0.02605,3.12
2021-02-03T17:00:00,4,Trentino-Alto Adige,399,65,464,7781,8245,841,914,59505,2038,0.0,0.0,69788,1054134,345361.0,2.0,62279.0,7509.0,947667.0,106467.0,1074819,106,-8,-3,-11,41,61.32,852,103,12142,1144.0,8,65,7.53,0.08504,6.49
2021-02-03T17:00:00,19,Sicilia,1317,193,1510,39612,41122,-491,886,94038,3579,,,138739,1863593,1002162.0,7.0,138739.0,0.0,1534086.0,329507.0,4968410,588,-10,-9,-19,395,32.82,-472,-98,24130,6240.0,34,1343,3.67,0.01783,2.79
2021-02-03T17:00:00,1,Piemonte,2092,147,2239,9813,12052,-73,819,204223,8920,,,225195,2122420,1113483.0,11.0,222941.0,2254.0,1901896.0,220524.0,4341375,575,-46,-5,-51,428,25.57,-22,54,18699,6052.0,25,867,4.38,0.01886,5.19
2021-02-03T17:00:00,6,Friuli Venezia Giulia,561,63,624,10556,11180,-46,692,54962,2471,,,68613,1166449,422735.0,5.0,65818.0,2795.0,1126574.0,39875.0,1211357,180,-18,2,-16,117,35.0,-30,434,11697,3850.0,27,711,5.92,0.05713,5.66
2021-02-03T17:00:00,5,Veneto,1306,176,1482,28878,30360,-1684,629,274482,9103,,,313945,4243554,1329843.0,17.0,312557.0,1388.0,3779065.0,464489.0,4907704,1016,-117,-17,-134,840,17.32,-1550,8,39047,2890.0,57,2256,1.61,0.01282,6.4
2021-02-03T17:00:00,9,Toscana,663,109,772,8573,9345,143,551,122187,4247,,,135779,2276931,1213838.0,4.0,135658.0,121.0,2175251.0,101680.0,3722729,523,-6,0,-6,414,20.84,149,152,17586,8574.0,21,387,3.13,0.0148,3.65
2021-02-03T17:00:00,10,Umbria,367,64,431,5568,5999,227,458,30126,810,,,36935,646717,286806.0,6.0,36935.0,0.0,604971.0,41746.0,880285,117,-2,3,1,53,54.7,226,175,8023,1518.0,9,222,5.71,0.05203,4.2
2021-02-03T17:00:00,13,Abruzzo,427,47,474,9545,10019,-43,449,32162,1482,,,43663,714963,369985.0,4.0,43663.0,0.0,631601.0,83362.0,1305770,148,13,3,16,101,31.76,-59,239,6048,2982.0,4,488,7.42,0.03439,3.34
2021-02-03T17:00:00,11,Marche,535,68,603,7750,8353,-328,408,46068,1996,,,56417,702605,423244.0,4.0,56417.0,0.0,673309.0,29296.0,1518400,143,-9,0,-9,75,47.55,-319,75,5005,3038.0,10,726,8.15,0.02687,3.72
2021-02-03T17:00:00,18,Calabria,253,23,276,8354,8630,16,318,24190,606,,,33426,526244,497810.0,1.0,33420.0,6.0,521646.0,4598.0,1924701,239,-11,-1,-12,216,9.62,28,152,3310,2926.0,7,295,9.61,0.01652,1.74
2021-02-03T17:00:00,7,Liguria,641,64,705,3734,4439,54,233,62451,3398,,,70288,876302,381711.0,5.0,70288.0,0.0,829405.0,46897.0,1543127,209,11,0,11,145,30.62,43,-5,6520,1547.0,27,152,3.57,0.0151,4.55
2021-02-03T17:00:00,20,Sardegna,416,29,445,14393,14838,-354,143,23035,1001,,,38874,590068,484292.0,1.0,38872.0,2.0,578145.0,11923.0,1630474,180,-14,-5,-19,151,16.11,-335,72,4350,3013.0,7,490,3.29,0.00877,2.38
2021-02-03T17:00:00,14,Molise,65,6,71,1111,1182,4,78,7059,276,,,8517,140097,126865.0,0.0,8517.0,0.0,139889.0,208.0,302265,34,7,-2,5,28,17.65,-1,47,1238,1065.0,4,70,6.3,0.02581,2.82
2021-02-03T17:00:00,17,Basilicata,70,1,71,3350,3421,-440,68,9618,328,,,13367,214633,130608.0,0.0,13367.0,0.0,212072.0,2561.0,556934,73,-2,-1,-3,72,1.37,-437,13,923,367.0,2,506,7.37,0.01221,2.4
2021-02-03T17:00:00,2,Valle d'Aosta,29,3,32,157,189,-12,11,7220,406,,,7815,70882,41731.0,0.0,7815.0,0.0,69748.0,1134.0,125501,20,4,0,4,17,15.0,-16,7,352,83.0,1,22,3.12,0.00876,6.23
